starbattle
17  4
 0  0  1  1  1  1  1  1  1  1  1  1  2  3  3  3  3
 0  1  1  1  1  1  1  1  1  4  2  2  2  2  3  3  3
 0  1  1  1  4  4  4  4  4  4  2  2  2  3  3  2  3
 0  1  1  1  1  5  5  4  5  4  2  2  2  2  2  2  3
 0  0  0  0  5  5  5  5  5  5  5  2  2  2  2  2  6
 0  5  5  5  5  5  5  5  7  5  5  5  5  2  2  6  6
 0  0  8  8  5  7  7  5  7  7  5  9  2  2  2  6  6
 8  0  0  8  7  7  7  7  7  7  9  9  9  2  6  6  6
 8  0  8  8  7  7  7 10  7  7  9  9  9  9  6  6  6
 8  8  8 10 10 10 10 10 10 10 10  9  9 11 11  6  6
 8 12 12 12 12 10 10 12 12 10 10  9  9 11 11 11  6
13 13 12 13 12 12 12 12 10 10 10 10  9 11 11 11 11
13 13 13 13 12 14 14 14 14 15 15 10 11 11 11 11 11
13 13 13 13 13 13 14 15 15 15 15 10 11 11 11 11 11
13 13 13 16 16 14 14 14 15 15 15 15 11 15 11 11 15
13 16 13 13 16 15 15 15 15 15 15 15 15 15 15 15 15
13 16 16 16 16 16 16 16 16 16 15 15 15 15 15 15 15